Publication Years	Record Count	% of 91,488
2019	7993	8.737
2020	7038	7.693
2018	6848	7.485
2017	6355	6.946
2016	6104	6.672
2015	5597	6.118
2014	5246	5.734
2013	4883	5.337
2012	4518	4.938
2011	4017	4.391
2010	3665	4.006
2009	3373	3.687
2008	3062	3.347
2007	2727	2.981
2006	2563	2.801
2005	1986	2.171
2004	1884	2.059
2003	1747	1.910
2002	1532	1.675
2001	1457	1.593
2000	1255	1.372
1999	1200	1.312
1998	1104	1.207
1997	1010	1.104
1996	961	1.050
1995	810	0.885
1994	709	0.775
1993	579	0.633
1992	547	0.598
1991	515	0.563
1990	69	0.075
1987	39	0.043
1988	31	0.034
1989	29	0.032
1985	20	0.022
1986	15	0.016